100
877 921
224 507
248 942
479 789
47 342
217 593
586 852
92 349
403 967
554 785
669 812
234 637
275 794
812 69
868 861
41 749
811 507
474 881
998 336
625 298
279 69
865 932
504 357
473 551
743 963
865 20
961 971
239 431
640 451
240 808
895 575
923 236
613 984
414 58
912 281
527 180
886 763
931 826
984 172
254 992
286 929
909 482
749 132
157 212
514 530
15 658
353 568
427 897
223 584
501 617
646 993
564 600
12 974
553 403
741 953
230 877
868 298
158 449
490 413
433 994
476 223
608 22
690 396
886 419
451 245
431 857
403 509
891 973
83 707
439 590
919 108
822 202
521 946
987 494
330 94
558 12
397 888
565 416
849 514
706 35
699 328
575 511
52 811
500 986
383 660
52 985
354 706
637 29
742 729
431 267
262 493
571 535
697 77
451 111
384 819
55 401
596 161
604 725
569 503
130 147
